[{"metadata":{"version":4.5,"type":"Object","generator":"Object3D.toJSON"},"geometries":[{"uuid":"0CDA76C9-EEB0-4252-835E-FE67B43B8D30","type":"CylinderGeometry","radiusTop":18.94153379257077,"radiusBottom":18.94153379257077,"height":75.76613517028308,"radialSegments":121.22581627245292}],"materials":[{"uuid":"45C01D7D-90FE-46E4-8BCB-052D78631F81","type":"MeshLambertMaterial","color":6454647,"emissive":0,"depthFunc":3,"depthTest":true,"depthWrite":true}],"object":{"uuid":"624E92BD-067F-4B8C-A87F-F8D9B90CC72D","type":"Mesh","name":"remove","layers":1,"matrix":[0.3015076479977512,-0.940470642911078,-0.15686971671195155,0,0.320911927446896,0.2550241477991473,-0.9121284004248726,0,0.8978355489849923,0.22467232553597344,0.37869997770936725,0,-295.4970064433831,-245.1793471120604,-200,1],"geometry":"0CDA76C9-EEB0-4252-835E-FE67B43B8D30","material":"45C01D7D-90FE-46E4-8BCB-052D78631F81"}},{"metadata":{"version":4.5,"type":"Object","generator":"Object3D.toJSON"},"geometries":[{"uuid":"26CBB74B-8F60-4553-ADA9-8710BA0584E8","type":"ConeGeometry","radius":7.150981164479116,"height":28.603924657916465,"radialSegments":45.766279452666346}],"materials":[{"uuid":"ADD04F24-44DC-4521-BA9C-0F77CD0F7F7E","type":"MeshLambertMaterial","color":2612878,"emissive":0,"depthFunc":3,"depthTest":true,"depthWrite":true}],"object":{"uuid":"346B996F-500D-435A-8356-A2071E5D8592","type":"Mesh","name":"color","layers":1,"matrix":[-0.3391834341769415,-0.7321463302024217,0.5906914161819711,0,0.9028960612762663,-0.07710411684512941,0.4228872872259665,0,-0.2640706354590391,0.6767693154514756,0.6872044769583507,0,-262.25801372869677,-376.37896468635984,-200,1],"geometry":"26CBB74B-8F60-4553-ADA9-8710BA0584E8","material":"ADD04F24-44DC-4521-BA9C-0F77CD0F7F7E"}},{"metadata":{"version":4.5,"type":"Object","generator":"Object3D.toJSON"},"geometries":[{"uuid":"98E04EBC-7F51-45BB-91F6-83178A17D31D","type":"CylinderGeometry","radiusTop":16.13567649431036,"radiusBottom":16.13567649431036,"height":64.54270597724144,"radialSegments":103.26832956358629}],"materials":[{"uuid":"7A16757F-9762-4CC6-B186-8F5F9C0BCFC3","type":"MeshLambertMaterial","color":7552718,"emissive":0,"depthFunc":3,"depthTest":true,"depthWrite":true}],"object":{"uuid":"A176281D-C1F1-47DD-BABC-A347802B482B","type":"Mesh","name":"remove","layers":1,"matrix":[-0.11634537458199223,-0.9480064500851474,0.29622208629731284,0,-0.10043095395963586,0.30794801400694083,0.9460875457144219,0,-0.9881180988627489,0.08032304318274941,-0.1310375191833575,0,-425.8373476863783,210.77495666584605,-200,1],"geometry":"98E04EBC-7F51-45BB-91F6-83178A17D31D","material":"7A16757F-9762-4CC6-B186-8F5F9C0BCFC3"}},{"metadata":{"version":4.5,"type":"Object","generator":"Object3D.toJSON"},"geometries":[{"uuid":"3229196A-83CC-4B11-9C49-2C9E989E10BB","type":"BoxGeometry","width":12.82076078741026,"height":12.82076078741026,"depth":12.82076078741026}],"materials":[{"uuid":"22D8EDD9-6A9C-4EBD-A75D-57532C33AD10","type":"MeshLambertMaterial","color":5012000,"emissive":0,"depthFunc":3,"depthTest":true,"depthWrite":true}],"object":{"uuid":"4A224D9E-5BB3-4B3A-90C9-5144EDD7ABA5","type":"Mesh","name":"remove","layers":1,"matrix":[0.00009680672297629478,-0.17456367327236316,-0.9846458828442426,0,-0.1552139167871429,-0.9727154720997944,0.17243332152825783,0,-0.9878808787824835,0.15281405141980012,-0.027188876854596478,0,-421.09363870930804,8.516535640419875,-200,1],"geometry":"3229196A-83CC-4B11-9C49-2C9E989E10BB","material":"22D8EDD9-6A9C-4EBD-A75D-57532C33AD10"}},{"metadata":{"version":4.5,"type":"Object","generator":"Object3D.toJSON"},"geometries":[{"uuid":"CB4D35A8-A81C-4914-A94F-CC81395D86CC","type":"BoxGeometry","width":21.390615761962486,"height":21.390615761962486,"depth":21.390615761962486}],"materials":[{"uuid":"D3827190-4525-4485-B29E-866B80C744A8","type":"MeshLambertMaterial","color":10960781,"emissive":0,"depthFunc":3,"depthTest":true,"depthWrite":true}],"object":{"uuid":"1CF808A7-C989-420B-898F-5DA77B550FDA","type":"Mesh","name":"color","layers":1,"matrix":[-0.819400695765137,0.35924808860371743,-0.446680322618071,0,-0.33792891520278584,0.3266940568101434,0.8826522766723024,0,0.46301894998960547,0.8741920864887225,-0.14629302058203764,0,-569.8657261345498,-393.0542966416027,-200,1],"geometry":"CB4D35A8-A81C-4914-A94F-CC81395D86CC","material":"D3827190-4525-4485-B29E-866B80C744A8"}},{"metadata":{"version":4.5,"type":"Object","generator":"Object3D.toJSON"},"geometries":[{"uuid":"E525FDAC-C702-4399-B65D-5EFFBBB8BF0D","type":"BoxGeometry","width":26.288217176565112,"height":26.288217176565112,"depth":26.288217176565112}],"materials":[{"uuid":"9E35A432-D7A2-4654-ADD8-260A7A2720F8","type":"MeshLambertMaterial","color":5166865,"emissive":0,"depthFunc":3,"depthTest":true,"depthWrite":true}],"object":{"uuid":"1949E4F7-D0A5-41BB-81FD-01825DAAEF9B","type":"Mesh","layers":1,"matrix":[0.7559358043634146,-0.04311538954137434,0.653224404677392,0,-0.2370601388689334,0.9120791332592415,0.3345357159295743,0,-0.6102159865497457,-0.40774099359491234,0.6792523330113444,0,-237.7551962703451,268.5316443145948,-200,1],"geometry":"E525FDAC-C702-4399-B65D-5EFFBBB8BF0D","material":"9E35A432-D7A2-4654-ADD8-260A7A2720F8"}},{"metadata":{"version":4.5,"type":"Object","generator":"Object3D.toJSON"},"geometries":[{"uuid":"AFE938EF-4002-461B-889B-D1C7E6EA5A1A","type":"SphereGeometry","radius":11.711889274346328,"widthSegments":74.9560913558165,"heightSegments":74.9560913558165}],"materials":[{"uuid":"A8E356E1-DBA2-4698-A7E8-8FEFB0CB4F23","type":"MeshLambertMaterial","color":14193969,"emissive":0,"depthFunc":3,"depthTest":true,"depthWrite":true}],"object":{"uuid":"3D16FA98-B23B-4FE7-BFF1-B64BFB5D3763","type":"Mesh","layers":1,"matrix":[0.16132650683969063,-0.6891293978111299,0.706452002094532,0,0.10674288099758572,0.7238134277448816,0.6816891367570268,0,-0.9811114694810363,-0.034565805193492505,0.19032994920423596,0,-502.7346614553152,-95.9062508317636,-200,1],"geometry":"AFE938EF-4002-461B-889B-D1C7E6EA5A1A","material":"A8E356E1-DBA2-4698-A7E8-8FEFB0CB4F23"}},{"metadata":{"version":4.5,"type":"Object","generator":"Object3D.toJSON"},"geometries":[{"uuid":"8BA71B14-8FA4-448F-984C-44E9DB840EEA","type":"BoxGeometry","width":34.44665380873569,"height":34.44665380873569,"depth":34.44665380873569}],"materials":[{"uuid":"6327FB19-0719-48C7-A5C2-6060B74C5442","type":"MeshLambertMaterial","color":13492691,"emissive":0,"depthFunc":3,"depthTest":true,"depthWrite":true}],"object":{"uuid":"4C02586B-B29C-4462-BEC8-B3737794CFC6","type":"Mesh","name":"color","layers":1,"matrix":[-0.77658187252551,-0.5173986268703517,-0.35947080017359956,0,0.1760307553557787,0.36965365814702456,-0.9123427788870787,0,0.6049245973124645,-0.7717867800961594,-0.19598825892169058,0,-463.4655241848845,253.93037779732083,-200,1],"geometry":"8BA71B14-8FA4-448F-984C-44E9DB840EEA","material":"6327FB19-0719-48C7-A5C2-6060B74C5442"}},{"metadata":{"version":4.5,"type":"Object","generator":"Object3D.toJSON"},"geometries":[{"uuid":"486A8010-B8FA-4EFC-A5F1-381F3B2CE54A","type":"BoxGeometry","width":23.605280786977055,"height":23.605280786977055,"depth":23.605280786977055}],"materials":[{"uuid":"65E09379-2771-4274-9330-DC0468D9F8E8","type":"MeshLambertMaterial","color":5324692,"emissive":0,"depthFunc":3,"depthTest":true,"depthWrite":true}],"object":{"uuid":"FDF09DC8-483A-4933-B466-AFA26EA6BAC7","type":"Mesh","layers":1,"matrix":[-0.030760046424067378,0.4309430238164508,-0.901854716552463,0,0.9208555933658596,0.3630908622884148,0.1420915264520231,0,0.38868855875983777,-0.8261072181905866,-0.40800498568352195,0,-499.3427752170977,128.15248474402608,-200,1],"geometry":"486A8010-B8FA-4EFC-A5F1-381F3B2CE54A","material":"65E09379-2771-4274-9330-DC0468D9F8E8"}},{"metadata":{"version":4.5,"type":"Object","generator":"Object3D.toJSON"},"geometries":[{"uuid":"AC45408E-64FE-4A42-960B-80BFAEB77828","type":"ConeGeometry","radius":19.894903224567024,"height":79.5796128982681,"radialSegments":127.32738063722894}],"materials":[{"uuid":"188ACF49-7384-4829-823D-DB1E699D6639","type":"MeshLambertMaterial","color":7844659,"emissive":0,"depthFunc":3,"depthTest":true,"depthWrite":true}],"object":{"uuid":"BA340C72-4C04-4FE7-A129-5C2784A06B09","type":"Mesh","layers":1,"matrix":[-0.0020240603267107637,-0.9725434489899345,-0.2327125759527316,0,-0.027630788786906002,-0.232569810648104,0.9721871335736335,0,-0.9996161476740995,0.008397797441412003,-0.02640140729820617,0,-262.3017685850509,145.4747593010826,-200,1],"geometry":"AC45408E-64FE-4A42-960B-80BFAEB77828","material":"188ACF49-7384-4829-823D-DB1E699D6639"}},{"metadata":{"version":4.5,"type":"Object","generator":"Object3D.toJSON"},"geometries":[{"uuid":"6DA2E484-DC82-443B-AD1E-E13B1CB509E9","type":"BoxGeometry","width":10,"height":1000}],"materials":[{"uuid":"9FC6B111-C6AE-4281-885C-ED0669BA6D41","type":"MeshLambertMaterial","color":16777215,"emissive":0,"depthFunc":3,"depthTest":true,"depthWrite":true}],"object":{"uuid":"9D776282-ACC6-4B9E-91A8-CDCAB4B628D3","type":"Mesh","layers":1,"matrix":[1,0,0,0,0,1,0,0,0,0,1,0,0,0,-200,1],"geometry":"6DA2E484-DC82-443B-AD1E-E13B1CB509E9","material":"9FC6B111-C6AE-4281-885C-ED0669BA6D41"}}]