[{"metadata":{"version":4.5,"type":"Object","generator":"Object3D.toJSON"},"geometries":[{"uuid":"26CBB74B-8F60-4553-ADA9-8710BA0584E8","type":"ConeGeometry","radius":7.150981164479116,"height":28.603924657916465,"radialSegments":45.766279452666346}],"materials":[{"uuid":"430A7669-79F3-4B84-AF48-FB03BCACF32A","type":"MeshLambertMaterial","color":2520747,"emissive":0,"depthFunc":3,"depthTest":true,"depthWrite":true}],"object":{"uuid":"992B04AC-484D-49A7-90E1-48564B29A76D","type":"Mesh","name":"color","layers":1,"matrix":[-0.3391834341769415,-0.7321463302024217,0.5906914161819711,0,0.9028960612762663,-0.07710411684512941,0.4228872872259665,0,-0.2640706354590391,0.6767693154514756,0.6872044769583507,0,577.7419862713032,-376.37896468635984,-200,1],"geometry":"26CBB74B-8F60-4553-ADA9-8710BA0584E8","material":"430A7669-79F3-4B84-AF48-FB03BCACF32A"}},{"metadata":{"version":4.5,"type":"Object","generator":"Object3D.toJSON"},"geometries":[{"uuid":"CB4D35A8-A81C-4914-A94F-CC81395D86CC","type":"BoxGeometry","width":21.390615761962486,"height":21.390615761962486,"depth":21.390615761962486}],"materials":[{"uuid":"6046E9ED-02C5-46E5-A3F7-8CE396B95B48","type":"MeshLambertMaterial","color":8820265,"emissive":0,"depthFunc":3,"depthTest":true,"depthWrite":true}],"object":{"uuid":"E6C3ADA0-C5F7-4AF5-99DA-0B04DE9CAD7B","type":"Mesh","name":"color","layers":1,"matrix":[-0.819400695765137,0.35924808860371743,-0.446680322618071,0,-0.33792891520278584,0.3266940568101434,0.8826522766723024,0,0.46301894998960547,0.8741920864887225,-0.14629302058203764,0,270.13427386545015,-393.0542966416027,-200,1],"geometry":"CB4D35A8-A81C-4914-A94F-CC81395D86CC","material":"6046E9ED-02C5-46E5-A3F7-8CE396B95B48"}},{"metadata":{"version":4.5,"type":"Object","generator":"Object3D.toJSON"},"geometries":[{"uuid":"E525FDAC-C702-4399-B65D-5EFFBBB8BF0D","type":"BoxGeometry","width":26.288217176565112,"height":26.288217176565112,"depth":26.288217176565112}],"materials":[{"uuid":"9E35A432-D7A2-4654-ADD8-260A7A2720F8","type":"MeshLambertMaterial","color":5166865,"emissive":0,"depthFunc":3,"depthTest":true,"depthWrite":true}],"object":{"uuid":"A71B48A3-E832-4577-90FA-C5B9FC213C3E","type":"Mesh","layers":1,"matrix":[0.7559358043634146,-0.04311538954137434,0.653224404677392,0,-0.2370601388689334,0.9120791332592415,0.3345357159295743,0,-0.6102159865497457,-0.40774099359491234,0.6792523330113444,0,602.2448037296549,268.5316443145948,-200,1],"geometry":"E525FDAC-C702-4399-B65D-5EFFBBB8BF0D","material":"9E35A432-D7A2-4654-ADD8-260A7A2720F8"}},{"metadata":{"version":4.5,"type":"Object","generator":"Object3D.toJSON"},"geometries":[{"uuid":"AFE938EF-4002-461B-889B-D1C7E6EA5A1A","type":"SphereGeometry","radius":11.711889274346328,"widthSegments":74.9560913558165,"heightSegments":74.9560913558165}],"materials":[{"uuid":"A8E356E1-DBA2-4698-A7E8-8FEFB0CB4F23","type":"MeshLambertMaterial","color":14193969,"emissive":0,"depthFunc":3,"depthTest":true,"depthWrite":true}],"object":{"uuid":"0122A389-3C4A-4626-B4FE-C546940DC3DE","type":"Mesh","layers":1,"matrix":[0.16132650683969063,-0.6891293978111299,0.706452002094532,0,0.10674288099758572,0.7238134277448816,0.6816891367570268,0,-0.9811114694810363,-0.034565805193492505,0.19032994920423596,0,337.2653385446848,-95.9062508317636,-200,1],"geometry":"AFE938EF-4002-461B-889B-D1C7E6EA5A1A","material":"A8E356E1-DBA2-4698-A7E8-8FEFB0CB4F23"}},{"metadata":{"version":4.5,"type":"Object","generator":"Object3D.toJSON"},"geometries":[{"uuid":"8BA71B14-8FA4-448F-984C-44E9DB840EEA","type":"BoxGeometry","width":34.44665380873569,"height":34.44665380873569,"depth":34.44665380873569}],"materials":[{"uuid":"7901369F-E291-4997-9E94-D28651AFDF1D","type":"MeshLambertMaterial","color":1519919,"emissive":0,"depthFunc":3,"depthTest":true,"depthWrite":true}],"object":{"uuid":"6873E528-CC33-43F5-962D-C2DCA449DD0C","type":"Mesh","name":"color","layers":1,"matrix":[-0.77658187252551,-0.5173986268703517,-0.35947080017359956,0,0.1760307553557787,0.36965365814702456,-0.9123427788870787,0,0.6049245973124645,-0.7717867800961594,-0.19598825892169058,0,376.5344758151155,253.93037779732083,-200,1],"geometry":"8BA71B14-8FA4-448F-984C-44E9DB840EEA","material":"7901369F-E291-4997-9E94-D28651AFDF1D"}},{"metadata":{"version":4.5,"type":"Object","generator":"Object3D.toJSON"},"geometries":[{"uuid":"486A8010-B8FA-4EFC-A5F1-381F3B2CE54A","type":"BoxGeometry","width":23.605280786977055,"height":23.605280786977055,"depth":23.605280786977055}],"materials":[{"uuid":"65E09379-2771-4274-9330-DC0468D9F8E8","type":"MeshLambertMaterial","color":5324692,"emissive":0,"depthFunc":3,"depthTest":true,"depthWrite":true}],"object":{"uuid":"B61D9A10-4572-4938-9A63-6EB6A2F74110","type":"Mesh","layers":1,"matrix":[-0.030760046424067378,0.4309430238164508,-0.901854716552463,0,0.9208555933658596,0.3630908622884148,0.1420915264520231,0,0.38868855875983777,-0.8261072181905866,-0.40800498568352195,0,340.6572247829023,128.15248474402608,-200,1],"geometry":"486A8010-B8FA-4EFC-A5F1-381F3B2CE54A","material":"65E09379-2771-4274-9330-DC0468D9F8E8"}},{"metadata":{"version":4.5,"type":"Object","generator":"Object3D.toJSON"},"geometries":[{"uuid":"AC45408E-64FE-4A42-960B-80BFAEB77828","type":"ConeGeometry","radius":19.894903224567024,"height":79.5796128982681,"radialSegments":127.32738063722894}],"materials":[{"uuid":"188ACF49-7384-4829-823D-DB1E699D6639","type":"MeshLambertMaterial","color":7844659,"emissive":0,"depthFunc":3,"depthTest":true,"depthWrite":true}],"object":{"uuid":"EF275160-3FC9-4E6B-8B89-89454D6CBEC2","type":"Mesh","layers":1,"matrix":[-0.0020240603267107637,-0.9725434489899345,-0.2327125759527316,0,-0.027630788786906002,-0.232569810648104,0.9721871335736335,0,-0.9996161476740995,0.008397797441412003,-0.02640140729820617,0,577.6982314149491,145.4747593010826,-200,1],"geometry":"AC45408E-64FE-4A42-960B-80BFAEB77828","material":"188ACF49-7384-4829-823D-DB1E699D6639"}},{"metadata":{"version":4.5,"type":"Object","generator":"Object3D.toJSON"},"geometries":[{"uuid":"C4C035A6-54DB-4A92-8509-53F12B953C11","type":"SphereGeometry","radius":15.032819168291752,"widthSegments":96.21004267706721,"heightSegments":96.21004267706721}],"materials":[{"uuid":"922CB8A6-2966-4F08-94E7-CD2C7EFAF260","type":"MeshLambertMaterial","color":16382217,"emissive":0,"depthFunc":3,"depthTest":true,"depthWrite":true}],"object":{"uuid":"5BA59575-71E1-4AD2-B9F8-8384817B60F7","type":"Mesh","name":"add","layers":1,"matrix":[-0.3037094610093911,0.38715540931648207,0.8705580120419156,0,-0.6022913130972911,0.6299745563480994,-0.49028280871508856,0,-0.7382450389003139,-0.6732330557771227,0.04185110689183169,0,-620.588108839791,346.47860845247874,-200,1],"geometry":"C4C035A6-54DB-4A92-8509-53F12B953C11","material":"922CB8A6-2966-4F08-94E7-CD2C7EFAF260"}},{"metadata":{"version":4.5,"type":"Object","generator":"Object3D.toJSON"},"geometries":[{"uuid":"0CDA76C9-EEB0-4252-835E-FE67B43B8D30","type":"CylinderGeometry","radiusTop":18.94153379257077,"radiusBottom":18.94153379257077,"height":75.76613517028308,"radialSegments":121.22581627245292}],"materials":[{"uuid":"45C01D7D-90FE-46E4-8BCB-052D78631F81","type":"MeshLambertMaterial","color":6454647,"emissive":0,"depthFunc":3,"depthTest":true,"depthWrite":true}],"object":{"uuid":"37D0DE41-530F-44ED-950E-B8C86B40B354","type":"Mesh","name":"remove-hidden","layers":0,"matrix":[0.3015076479977512,-0.940470642911078,-0.15686971671195155,0,0.320911927446896,0.2550241477991473,-0.9121284004248726,0,0.8978355489849923,0.22467232553597344,0.37869997770936725,0,544.502993556617,-245.1793471120604,-200,1],"geometry":"0CDA76C9-EEB0-4252-835E-FE67B43B8D30","material":"45C01D7D-90FE-46E4-8BCB-052D78631F81"}},{"metadata":{"version":4.5,"type":"Object","generator":"Object3D.toJSON"},"geometries":[{"uuid":"98E04EBC-7F51-45BB-91F6-83178A17D31D","type":"CylinderGeometry","radiusTop":16.13567649431036,"radiusBottom":16.13567649431036,"height":64.54270597724144,"radialSegments":103.26832956358629}],"materials":[{"uuid":"7A16757F-9762-4CC6-B186-8F5F9C0BCFC3","type":"MeshLambertMaterial","color":7552718,"emissive":0,"depthFunc":3,"depthTest":true,"depthWrite":true}],"object":{"uuid":"EAF956AD-2D9C-4362-8CB6-44DFA1C05FE6","type":"Mesh","name":"remove-hidden","layers":0,"matrix":[-0.11634537458199223,-0.9480064500851474,0.29622208629731284,0,-0.10043095395963586,0.30794801400694083,0.9460875457144219,0,-0.9881180988627489,0.08032304318274941,-0.1310375191833575,0,414.1626523136217,210.77495666584605,-200,1],"geometry":"98E04EBC-7F51-45BB-91F6-83178A17D31D","material":"7A16757F-9762-4CC6-B186-8F5F9C0BCFC3"}},{"metadata":{"version":4.5,"type":"Object","generator":"Object3D.toJSON"},"geometries":[{"uuid":"3229196A-83CC-4B11-9C49-2C9E989E10BB","type":"BoxGeometry","width":12.82076078741026,"height":12.82076078741026,"depth":12.82076078741026}],"materials":[{"uuid":"22D8EDD9-6A9C-4EBD-A75D-57532C33AD10","type":"MeshLambertMaterial","color":5012000,"emissive":0,"depthFunc":3,"depthTest":true,"depthWrite":true}],"object":{"uuid":"6F5CE23F-D817-4D6B-B5E3-7F66CE3102E7","type":"Mesh","name":"remove-hidden","layers":0,"matrix":[0.00009680672297629478,-0.17456367327236316,-0.9846458828442426,0,-0.1552139167871429,-0.9727154720997944,0.17243332152825783,0,-0.9878808787824835,0.15281405141980012,-0.027188876854596478,0,418.90636129069196,8.516535640419875,-200,1],"geometry":"3229196A-83CC-4B11-9C49-2C9E989E10BB","material":"22D8EDD9-6A9C-4EBD-A75D-57532C33AD10"}}]